4546

4551
4552

4555

4557
4558
4559
4560
4561
4562
4563
4564
4565
4566
4567
4568
4569
4570
4571
4572
4573
4574
4575

4584

4588
4589

4591
4592
4593
4594
4595
4596
4597
4598
4599
4600
4601
4602
4603
4604
4605
4606
4607
4608
4609
4610
4611
4612
4613
4614
4615
4616
4617
4618
4619
4620
4621
4622
4623
4624
4625
4626
4627
4628
4629
4630
4631
4632
4633
4634
4635
4636
4637
4638
4639
4640
4641
4642
4643
4644
4645
4646
4647
4648
4649
4650
4651
4652
4653
4654
4655
4656
4657
4658
4659
4660
4661
4662
4663
4664
4665
4666
4667
4668
4669
4670
4671
4672

4674
4675
4676
4677
4678
4679
4680
4681
4682

4694
4695
4696
4697
4698

4728
4729
4730
4731
4732
4733
4734
4735
4736
4737
4738
4739
4740
4741
4742
4743

4757
4758
4759
4760
4761

4763
4764
4765
4766
4767
4768
4769
4770
4771
4772
4773
4774
4775
4776
4777
4778
4779

4794
4795

4826
4827
4828

4832
4833
4834

4838

4853

4866

4908

4914
4915
4916
4917
4918
4919
4920
4921
4922
4923

4925

4978
4979
4980
4981
4982

5008
5009
5010
5011
5012
5013
5014
5015
5016
5017
5018
5019
5020
5021
5022
5023
5024
5025
5026
5027
5028
5029
5030
5031
5032
5033
5034
5035
5036
5037
5038
5039
5040
5041
5042
5043
5044
5045
5046
5047
5048
5049
5050
5051
5052
5053
5054
5055
5056
5057
5058

5060
5061
5062
5063
5064
5065

5069

5077
5078

5087

5092

5101
5102
5103
5104
5105

5107
5108

5111
5112
5113
5114
5115
5116
5117

5120
5121
5122
5123
5124
5125
5126

5142
5143
5144
5145
5146
5147
5148

5150
5151
5152
5153

5157
5158
5159
5160
5161
5162
5163
5164
5165
5166
5167
5168

5192
5193
5194

5197
5198
5199
5200
5201
5202
5203
5204
5205
5206

5228
5229
5230
5231
5232
5233
5234
5235
5236
5237
5238
5239
5240
5241
5242
5243
5244
5245
5246
5247
5248
5249
5250
5251
5252
5253
5254
5255
5256
5257
5258
5259
5260
5261
5262
5263
5264
5265

5272
5273

5276

5279
5280
5281
5282
5283
5284
5285
5286
5287

5289

5292
5293
5294
5295
5296
5297
5298
5299
5300
5301
5302
5303
5304
5305
5306
5307
5308
5309
5310
5311
5312
5313
5314
5315
5316
5317
5318
5319

5321
5322
5323

5325

5328
5329
